173993
14698
134655
40192
167066
40191
134455
135193
168244
15137
174000
174002
134656
172422
36708
134657
167068
166473
172420
167067
221156
172419
166472
135192
173996
40190
134650
266685
173995
14693
167062
134649
14692
167064
134454
14696
15136
134652
135191
173998
173997
135190
134651
wor
134648
167039
40154
36685
166464
40153
165948
40152
168241
40151
37532
165950
167037
166465
40158
36687
165952
14480
40156
134449
58069
165951
166463
165947
168240
165944
62854
166457
62853
37530
62852
168238
166456
36684
62857
40150
166462
40149
165946
40148
197382
165945
167036
166459
62851
40159
243535
angkor_wat
167046
14579
40173
167052
167051
167050
227126
167049
167047
167048
40183
167053
243536
14482
40182
40181
14481
40180
40179
166468
167045
40164
167041
166467
40162
65035
167040
166466
165953
36688
36690
167042
o11
40170
167044
40169
165957
40168
40167
36691
40166
275800
163429
133828
157899
133826
163382
157898
160600
32266
163381
157897
Consum
254360
13837
Valuers
261268
206858
13838
halflife_halflife
261267
163384
Pharmaceutic
160599
157896
206106
133825
206105
Classificators
163378
34114
163377
157893
34113
161842
13836
32265
34116
161843
163380
157895
157894
Technics
160598
32264
157891
30399
161852
157904
163390
161850
157903
163389
157902
165878
157901
30404
161851
clear_top100
206863
30405
134407
rem_top100
mod_top100
cgi-top100
64971
165879
about_top100
160604
161846
269339
32268
206859
230696
160601
163386
161845
30400
160602
30401
161849
157900
Rambler
163388
57773
161848
160603
auditory
161847
32267
160588
30386
157880
34106
30385
213479
28802
155460
33051
i29
155463
34107
163372
293562
160587
206665
30387
155464
157882
157881
163371
30383
i28
i21
157876
223517
155456
i18
157875
133822
30380
137727
30382
155459
160586
157878
i24
155458
157877
137728
155457
269085
155455
206667
160597
163375
30391
13835
161837
157886
133824
200742
30390
160594
238135
157887
163376
157890
157889
252805
200660
30393
160596
157888
160595
134140
157885
161835
157883
133823
160590
163374
221387
163373
33052
32259
157884
32261
160593
134139
33054
30389
160592
134138
160591
161836
160589
HandMap_Pro
34138
163416
165902
11671
58008
163415
57776
34136
161867
163417
165903
165908
165907
163420
222272
163419
137745
Jackpot_Pinball
163418
Handmail
165901
67432
200489
163409
137763
165897
HandBrowser
165896
165895
I2WorkOut_v142
161866
dwg
165898
165900
163413
34134
258744
34133
165899
163412
163411
137744
baraholka
165909
knop_zhiteli
36238
291749
166407
legal_advice
36237
67459
57872
163427
166405
166408
64972
166414
165915
166413
36239
166411
166409
60923
57871
166404
34144
165913
163423
k8
165911
66492
163421
137746
165910
163424
36234
166403
163426
14478
134447
163425
34145
134446
66493
34141
165884
165881
160606
161853
234205
160605
13445
134409
62166
133449
161854
163395
161856
165883
160608
33058
165882
163394
160607
157911
icq2
206860
272238
157908
30408
157907
206864
157906
30406
157905
291514
add_site
Halo_Any
14440
163393
134408
157909
165880
phot
163392
163391
206862
157912
I2WorkOut_142
160613
34129
163402
33063
160612
163401
32272
160611
163400
163403
165893
161865
163406
160615
33067
32274
161864
57684
33066
163404
165890
34127
33062
165886
58006
I-Zlonator
33061
165885
134141
161857
163396
165887
161859
161862
163399
160610
163398
161860
32271
165888
160609
163397
p120606
41323
178811
16676
178810
136659
174779
44687
186374
174778
181196
174780
41322
186375
174049
49823
174781
135848
263866
16677
41857
44688
178809
41854
46306
135847
179440
41852
181193
174775
46305
181192
174776
16675
181195
197763
49822
174777
46307
66867
41853
181194
15859
178808
178814
174788
178819
174786
136140
136663
41862
178818
45187
46311
179445
41863
136664
179447
Octopus
41864
174052
16681
174787
178820
45188
41325
16679
41861
174050
16678
174783
179442
136661
41859
46309
178815
174782
179443
178816
181198
178817
136662
174784
179444
41324
41860
46310
181197
41849
41848
248782
178797
135343
44677
45178
41316
179433
s61
174767
179434
174769
178799
45180
178798
179436
174768
179435
232606
s66
172465
174041
168247
s56
44674
135415
178793
45174
40224
44673
178792
45175
s57
135417
44676
168249
266746
178795
172464
44675
37538
135416
179430
179437
45183
41320
PacMania_II
46303
178805
220104
181190
44685
174044
46302
45182
178806
41851
46304
178807
179438
58722
63906
248630
174774
181191
178804
181189
174772
46300
44682
PacMania_3D
59021
174771
178801
46299
44681
t23
178802
44684
41319
174773
46301
178803
174043
44683
174042
41850
178800
178844
44710
179469
174806
178842
189172
109943
174805
44709
179468
179470
46315
126635
121394
41885
44711
174808
181203
189173
178843
174807
109942
189171
179466
59133
136959
178839
226000
56120
44706
98619
44707
189170
178841
RA_Candee
59131
44708
109936
174804
178840
RA_Bust'em
59132
178838
41886
64119
24342
186386
41889
46319
179475
49831
174812
181205
44714
181206
44715
179477
174814
41890
46320
189175
179476
174813
179474
128381
136142
128009
186384
174810
181204
189174
44712
179472
126904
41887
49830
46318
44713
179473
128010
186385
174811
16153
178845
128075
49829
179457
41869
44690
179454
174792
178812
49826
41868
66918
179455
174793
41871
179456
186379
174794
46314
44691
41870
178813
60268
44689
179453
178823
179450
270544
186376
174789
178822
179449
41865
225610
136141
41866
186377
174791
179452
250375
179451
49825
174790
16152
RA_Alonix
179448
178824
179464
174800
59605
179462
49828
41876
178828
179461
62036
174799
186383
62010
136958
44705
RA_Breakout
174801
282270
179463
41877
138094
44695
179460
179458
49827
181202
178825
174796
181201
44692
174795
44693
174797
186382
226136
178827
174798
287012
186381
41874
178826
181199
174039
178772
236688
63822
174739
172436
167085
134672
167084
178769
229695
134673
178770
137378
40200
62280
44650
172437
167087
178771
40199
167086
174024
134671
134668
14706
174737
172432
167081
44648
41829
178766
stars-45
172433
134669
167083
178768
14709
255945
174738
172434
60899
167082
135842
178765
174025
134680
174743
174742
40204
QBeez
134677
254284
172441
197513
178776
134678
44655
15142
44657
134679
135197
174744
44656
135196
14717
15140
40203
167090
44652
134676
174740
178774
40201
178773
174026
41830
172438
167088
41831
174741
172440
178775
40202
167089
44653
41299
14715
44651
174016
174014
166480
174013
167073
174012
166479
36271
p43
167071
40193
167074
58032
q7
174015
166482
p53
172426
q6
40195
q5
166477
167070
134457
41294
174006
174005
134660
172424
134659
269374
172423
134661
41295
41293
174009
167069
41297
174008
14702
134663
278527
134662
174003
228444
174736
44645
134665
174732
178761
167078
178760
134664
260005
174021
41826
167080
178764
174022
37536
174735
44647
41827
44646
178762
58070
44643
174730
14583
178757
233481
40197
14582
44640
172428
178756
174018
44641
228445
174731
167077
174020
