102494
102573
102533
102465
46177
102428
38955
102493
102572
151916
45476
32982
44912
105485
102459
102422
104291
102487
102526
129423
102458
102421
102525
102457
142423
102485
117071
102524
97096
102456
102523
102567
12216
50800
100002
167820
102425
102490
37145
102569
92538
102529
102461
66859
102489
28391
102528
36556
24452
62115
102455
185048
102288
102345
102282
Walking With Beast
102313
102344
102281
102342
151065
60478
Walking tall
115932
102278
70245
102277
Walking Tall
35637
102308
102314
37407
82928
102319
102350
153193
102318
102349
Walkthrough torrent
102286
102317
102348
102285
102316
190612
102284
15250
102283
102276
102307
142726
102265
102206
190422
102264
102247
102263
102204
178254
102246
102262
177897
169370
185647
102203
102245
180215
102244
173801
Walkabout
102275
24910
102274
102305
Miniclip
102273
102304
102302
24818
102269
102299
102267
102298
102250
102266
186751
102249
102159
102367
102332
102363
102393
83009
102331
102362
82976
79556
15696
102330
76922
102361
102391
37746
76802
102390
Wallace and Gromit 3 films
102394
102364
190387
102434
102335
102366
50546
102396
104354
187450
185513
102334
173137
102365
102432
102395
Wallace
102333
174402
102328
51133
102294
102387
102293
21182
148502
102324
102355
27163
102292
102354
102291
102322
131472
Wall Street
102290
102321
102352
19169
34327
474846
159731
102296
159725
102389
102327
102358
102295
102388
102326
90573
102357
90551
Wallace and Gromit - Project Zoo
102289
86230
86224
56499
51037
86194
176578
31407
86222
VA - 12 Inch 80s Volume 2
119387
97913
86192
86221
86191
VA - 12 Inch 80s Volume 1
86190
42651
86195
86200
86229
86199
86256
86228
86198
154050
86227
86197
86254
86226
86196
132084
86253
86225
VA - 20th Century Masters The Best Of Africa 2005
86219
160824
86189
86159
86213
86183
86158
86212
86182
186850
86157
86211
86181
187955
86156
86180
86155
86184
86214
86218
167201
64719
86217
86187
167152
86216
86186
86161
86215
177475
48873
VA -
86185
86160
48806
130782
86282
86274
86246
101674
VA - A Tribute To Judas Priest
124050
101673
86272
86244
177770
101672
86271
184617
86243
101671
86270
86242
101670
115184
86248
101682
Millennium
86281
185503
180893
169680
101681
64912
101680
86279
86251
101679
101678
86277
86249
101677
VA - A Ska Tribute To Heavy Metal
86269
86268
86261
60101
86233
149433
VA - 538 Dance Smash Vol
86203
86260
86202
86259
86231
160062
65835
VA - 538 Dance Smash 2005 Vol
86201
116425
132086
179257
86204
86234
86240
86267
86239
86238
86265
130815
86237
86264
94947
86206
171090
86263
60229
VA - 80s Collection Vol
86235
57666
86262
86258
164512
33699
86023
121201
121055
120982
86053
146340
86022
86052
86021
178043
86051
150499
67284
168154
44021
86050
86019
86024
86072
13260
142646
86059
182619
86058
178095
86075
137775
86074
86056
124143
86073
86025
124101
86055
68562
176108
86049
86018
86048
85980
86009
32129
86039
95653
45221
85979
45141
146118
55546
54010
54004
86038
135286
85978
50801
86007
86040
86010
86017
86047
86016
86046
86015
86045
86044
86013
33572
32217
86539
86012
86041
85981
50759
63232
62246
tagrename
140688
86173
86148
86172
86147
86146
86170
86145
V180 Motorola
86168
86143
86167
86142
86166
86141
86140
86164
86139
129369
V2IPROTECTOR
86179
140590
86154
146226
107339
86208
86178
86153
v8sc china race 1
86177
86176
107297
86151
86175
121693
58627
86163
86138
86162
86071
86088
86070
86069
86086
86068
86067
86084
86083
86081
86063
86080
86062
86079
36097
86078
86060
41145
141738
94992
86136
86135
86133
86132
86131
86094
86093
86092
81724
63286
v152PATCHREL
86091
86090
86089
186947
86077
101900
W2K3E
30697
101825
101867
101895
101795
W2k3
85046
101866
101823
101865
101893
101822
101864
101792
101791
75136
101896
w2k3swe
101800
101829
101871
101899
101799
85258
101828
W2k3_Diet
101870
85152
101898
101869
W2K3VOL_PL
101826
162571
101868
101862
101819
107100
101786
175845
101815
101857
101785
101856
101784
101813
101855
172888
101783
46163
101854
101782
101811
101810
101852
101858
50110
101789
107031
166116
45496
101818
101860
101788
101817
113793
101859
101787
113705
67451
97179
26711
186730
101816
101780
101952
180678
101916
101945
101915
58700
101944
59603
101914
160051
101943
waaod_2
101913
101842
101884
Wa Wa Nee - Wa Wa Nee
101942
101912
101888
74937
101922
101951
101921
53603
131030
101891
101949
101919
101890
7377
101918
101889
wace22
Wab_2
128970
101917
101846
101841
101883
101941
w4f-tnawaaoa
101877
101876
w4f-superstars2
101833
101875
w3entr
101903
183736
92845
101832
w2ksp4hotfixes
101874
84041
101902
101873
101901
w4f-tnawaaoc
B000HJQYE0
101911
101840
120294
101882
101940
101910
101839
46667
101939
101909
101838
101880
101908
101879
101937
w4f-wwer011705
101907
101872
101851
101720
25181
55012
81022
73840
36182
86295
48609
36171
86294
sfmovie
101694
101693
86292
101692
86291
86290
101690
millions
101696
101704
101719
101703
101718
101702
101717
101701
101716
101715
101699
101714
101698
101713
101697
68721
86296
101712
18382
86289
46750
46640
86286
188150
46649
184917
VA - Acid Dreams Testament
187678
86285
128459
86284
48457
74224
VA - Absolute Dance Vol
71386
170122
101687
180067
91805
SFA
101689
VA - Alternative Times Vol
46578
86288
50352
VA - All the Hits 2005
46645
101688
VA - All Access DVD Street Credibility Vol
181450
37231
86287
VA - Aggro Ansage Nr
179256
101779
101764
101753
101763
174588
174470
101752
101762
178025
180259
189558
173889
155351
101761
183796
101749
151925
w-dcfo
101754
101755
101850
101778
101807
101849
172824
101777
101848
101776
101775
101774
101803
101802
101771
101769
101767
101756
101766
tools-hardware
101759
187178
jetta
101736
101735
180305
101734
101733
101732
101731
101730
101729
101727
101710
101725
101709
110378
101708
46625
121282
0200sport
w-cr0705
146018
101747
101757
39558
172845
101744
101743
101741
101740
136370
w marsalis - standard time
171852
101739
101738
101707
14930
103044
103084
103011
103043
103125
103153
103010
Mobile Homes
103124
54895
66363
26189
180940
103009
18964
RUN
160809
103012
103085
103129
169192
8141
82801
10398
103157
124226
10401
103087
103014
103046
103128
103156
103013
103045
50384
103127
103041
88582
27177
103004
140176
67648
46665
48251
103036
45680
103076
94727
46572
103003
45111
35433
89105
103035
103117
103075
103077
103037
34962
33448
103081
103008
103122
103007
103039
73430
58900
103121
103079
103038
103120
103078
86362
103005
113403
103034
103164
24912
88824
30703
113352
7807
Primer
185973
162285
36343
158724
103050
162420
152107
103132
108118
36539
103160
103091
103161
103094
103053
14842
162699
161963
93319
46613
103135
103163
103093
103052
128848
103134
103162
103092
103051
103133
75971
162211
162216
103130
187428
54947
98666
24650
103158
103088
40828
103015
103047
66264
64707
21278
8412
35523
43328
12037
45015
103048
134500
144383
121431
73210
135590
103131
11579
Priest
48856
168733
19691
103159
160813
103089
103016
147215
13726
38095
158711
80773
102986
103018
89063
80737
79138
77889
46394
102968
102985
103017
102967
102984
102966
102965
102982
85010
12337
102969
113594
103062
188097
132568
102989
123050
101607
X2005
131576
102971
39451
145343
113757
102988
103020
102970
102987
103019
102964
102963
102980
108920
X1 - XBOX Emulator For All Games
178878
