democracy_thumb
wilco
GATT
WTO
Payroll
Counseling
Relocation
ApacheCookieEncrypted-0
ApacheDBI-0
Motivation
ApacheMysql-0
62822
15865
46933
OPERATIONS
166019
35756
STRATEGY
157222
39761
47560
remco
TracReports
22297
88134
41923
JeffRush
yufei
boost_2epython
Inheritance
CatherineDevlin
PythonWare
DavidGoodger
product-icons
visualweb_35
ElementTree
praveen
ArrayHashMonster-0
dweaver
130450
eprocurement
Gerry
Adamantium
geoff
54862
channel-guide
26412
RETAIL
34931
feed-white
163241
FeedDemon 1
jglick
138027
Freeze
15743
123423
172347
26368
26772
169209
7391
26770
47085
EQ2
123432
8398
88662
26768
Demonic
111300
16248
109011
26773
26774
169063
82366
26781
41233
117681
163701
169207
152522
11943
14829
105163
21723
27191
26777
26776
78167
26766
15230
26765
26758
86378
155805
26757
aldurah
79862
48763
164079
146283
26749
28569
169281
186336
158772
34497
55050
167582
22485
26759
104250
104274
171054
72653
169167
155929
91879
64706
94259
60767
82406
130313
91621
18408
26761
26760
161546
foobar2000_0
25254
119168
119167
19904
64735
section_icon
22935
129246
104269
177999
119163
119162
119161
119160
Chroma
119159
147610
119158
119169
64632
64731
45993
14936
46508
74843
folder_view
Alexandre
119173
119172
10271
119171
10233
73446
105160
73496
119170
29183
29141
63382
144435
119139
Bethlehem
119137
119136
119135
47464
26805
93776
26790
densha
126484
26789
26787
45322
26786
26785
26783
119140
119142
128277
48260
119156
45631
cpsskins_images
119155
119154
119153
119152
119151
119150
44562
119149
119148
119147
119144
119143
26782
26741
122217
14118
14115
33730
47070
28066
14107
14105
33476
14099
47046
28500
14096
46807
14095
226594388
14092
158784
14121
14122
10310
7123
125593
14169
115715
104217
Gorillaz
14152
14146
14145
105458
14143
14142
14140
14139
81174
14123
14085
14084
166807
listObjects
dictObjects
64709
183777
PQR2
160915
160546
async
141943
122323
77431
46662
62296
147504
176571
82875
Romanian
tupleObjects
19975
14081
14080
30581
73432
22312
exceptionHandling
105174
distributing
11208
56275
intObjects
defacto
46271
97092
168372
stringObjects
courselist
111965
82408
167164
130634
26728
11649
152155
Thumbs
16073
18403
64704
17828
124857
132661
187790
17625
16776
16590
167656
105162
28725
76778
162340
16249
9359
16283
24200
24130
64732
177103
58201
20184
26738
158787
26734
21176
26733
16040
15156
34006
15620
64730
15618
83122
11241
144217
7428
185129
145149
18951
19040
12052
70354
146223
126600
178261
27804
83103
153221
13884
13593
34356
13476
LCC
105474
10529
162763
47100
7512
7499
92803
7459
74422
128812
12183
77145
25349
Destro
17563
86373
PySoy
47022
114833
desperate_housewives
29480
Green_Day
161752
38910
44944
17372
133620
29160
88269
26104
47011
12119
16604
SoC2006
cuwin
55109
13194
187028
63444
73573
162721
58865
47792
162566
110259
123418
110854
PEP
PyPy
blender-soy
20373
33472
70658
166804
85305
17366
Escape
33685
28146
29166
121702
90128
78281
112999
96788
drproject
160871
167727
cisco pix
85144
118803
162150
64646
95835
47096
Frankenstein
47041
78659
15431
11899
32473
34928
34869
8421
47014
62519
95713
163219
140425
34554
cleancenter
14848
142206
111202
47064
52173
52172
52171
182557
52169
52168
52167
162705
76204
165053
46029
45838
46010
32527
52174
67221
50120
32230
52260
122806
144245
62248
52258
52257
26384
52237
1000146
191690
52179
114210
52178
52175
52166
52165
52164
Ethnic
65821
danse
64656
165530
8461
16002
kickoff
24219
15090
115133
80126
77774
34409
158813
Clancy
166910
70279
120162
9207
45775
7155
121144
45869
150535
162720
170734
52163
52162
52161
135708
52160
90784
6086
142050
133797
47930
25947
35786
119217
17281
119216
120456
119215
17279
119214
64655
17278
119213
119212
17275
34394
119210
119209
17273
46663
32408
51005
140357
119228
170495
119227
119226
17290
119225
119224
17288
119223
119222
119220
17284
119219
126641
119218
166585
119208
158696
105533
119193
119192
119191
119190
23838
119237
119189
11499
119188
119187
119186
119185
119183
119182
119181
11985
119177
119194
10705
11988
122522
17272
119207
119206
119205
119204
119202
170505
119201
119200
119199
119198
28477
119197
119196
119195
119174
101145
30559
47686
180848
47043
12207
17341
46622
146803
17334
133102
82440
89106
17332
SummerOfCodeIdeas
Erin
17330
17324
pymplug
47109
78213
10608
151882
6094
47061
12062
105170
179750
26107
15472
164406
175512
151020
101331
10623
56426
151314
17321
registration-details
15217
11754
119234
17298
Eric
119232
10512
119231
167501
119230
187741
54897
119229
39829
17293
147180
105150
181990
llvm
163834
17318
167466
OpenProjects
153671
17314
164207
17312
17310
17309
17307
17306
17304
14916
14923
145049
155855
167315
0201422190
12303
portal_cpsportlets
122060
p2c
136163
67X
156592567X_500
007219183X
1556227744
0764543733
A2TVJ0YDW3QO63
169185
38106
list_vspacer
143750
18493
24551
27548
162528
152356
Firma
termpaper
54946
86359
Comparisons
61472
92408
1995-12
1997-10
21547
94218
26624
118785
170454
10989
168041
25750
0672322404_500
8186
CHAOS
11972
147462
58689
89191
66815
145754
291359
8005
45739
152011
0596002270_500
148723
167522
Chapter
Beast
14940
187349
134169
179748
143350
167328
145909
mrp
104829
151682
77991
97084
105855
167512
16325
128280
148716
47000
29947
110519
7549
40336
110517
34313
153026
46111
GNR
111123
126489
38705
14906
45208
104121
83606
157754
29154
146750
181438
13526
64701
30695
100607
82763
Charlies
155734
16245
40751
20731
140826
137841
22680
13529
23571
34315
100824
41410
66161
171564
41999
31840
42941
43057
alan_gauld
tutindex
163635
Issue008
Issue006
article_SnakesAndMolecules
article_ExtendingApps
article_CGIOne
167127
92120
38609
16790
167547
48900
25472
88169
38610
15100
scicomp
deadend
40642
67736
76258
89091
Agent
151649
51225
38608
listsaver
571598
12005
26131
Interpolation
64747
128189
54705
24822
146672
15443
15438
15451
146337
27171
tries
16905
10702
CEP
irishblogs
112010
67450
40752
33978
25234
25182
25158
123134
24071
16896
249132
gtin
Bricolage
1565922433
67697
27317
postgresql-plpgsql
fastcgi-developers
31557
64639
164329
146288
100347
141420
12604
108977
21724
108932
146175
142257
167420
msjen
iText
24743
96625
66425
174501
108617
blogsphe
magnio
121501
109683
8503
44358
31742
170347
003370
BlogView
38937
45295
Mentors
ginger
Ginger
77460
128391
gtks-inst4win
eirepreneur
42862
pureplay
perlit
10458
AFI
12057
26383
12313
18974
97107
77690
package-index
catalog-devel
31326
50231
167541
54989
31251
30560
169285
0596005032
47018
trenner
81383
perlmongers
mt_logo
135295
85648
tt_logo
Finger_Eleven
29146
29134
Fingerprint
title_line
12829
30764
0596001789_500
95419
104257
31231
105446
13142
8486
11912
86384
72516
28344
169253
28112
189260
169277
27759
39022
15218
165573
38378
13496
60789
72194
bcarchive
31230
162742
31144
169186
105470
58427
31118
30966
6520
55705
46635
29581
27683
88270
29157
ABW
73552
78464
Article9562
Topic25
Article9561
Article9560
33443
18179
Article9559
22200
ssid
Article9558
82400
125751
182074
93867
150541
10459
Article9557
67449
52979
46991
10147
8921
140213
110406
8892
8687
143866
55837
128278
