75834
archive_2005
75836
247920
59618
34730
34728
Ramturbo_1
WallChanger_2
34734
61053
59039
bwbar
BannerMan
getstuff
112189
75325
75328
75329
75330
68913
75334
75335
75336
75337
75339
213449
34737
116661
80933
80927
web_policies
80928
116642
114603
114604
28842
80930
80932
114598
116639
116638
68238
80934
30599
80897
114606
114620
29402
116668
221075
114623
116653
75091
80924
29405
114618
29406
86760
114616
29408
28838
114612
116651
29416
75177
Instructions
114580
358253
75282
29429
357711
75283
112448
75284
112443
75286
ManagingMoney
75285
29433
75287
75288
112439
29434
29427
261501
114595
80935
29411
Foia
114590
261047
29419
114582
29422
29421
29420
114585
261441
Radmin_v2
87569
MoneyTaxAndBenefits
23008
123958
85148
123957
123959
123961
84234
126527
123963
84233
74462
126530
123964
126537
juniper_logo
bell_logo
126521
shellsub
20318
tc2
23013
tc1
ObjectPlant_1
20329
84239
65880
84237
245420
123954
68527
123955
126539
126531
123969
83084
ofc2000
126550
23038
mondex
83170
83095
LiDIA
123980
71565
20355
126561
126562
cstr
80400
23044
Biblio-QC
20342
126557
20339
67513
20338
123972
74464
126542
87380
sgilogo
126544
74466
Octagon_1
245449
23034
123975
20341
126570
119071
121958
121959
cast256
121961
rijndael-fse00
35-ebiham
121962
32-msugita
17947
17950
17949
65777
11-hgilbert
13686
121963
04-slucks
17895
121957
CS0708
86109
13670
rc5_timing
13639
rc5_letter
rc5rev
121950
285874
119077
239433
121951
07-ebiham
17942
mars-attacks
17945
contini
17896
119084
G-Data_DaViDEO
72266
78845
CSI33
259381
20310
20312
23006
74454
74455
74456
74457
245415
258727
265445
rc5-64
venue2
121970
isaca
17899
121974
Name-IT_1
KC
NameBase_3
123932
F-IRC_French
123937
123940
NameWiz_v3
20305
hotelandtravel
74459
126585
affiliated-archives
Qoole_2
25802
25799
presidential-libraries
25801
68529
68530
25803
subject-index
127821
global-pages
28247
129577
129574
25805
61749
start-research
OfficeIntercom_4
129560
25787
129561
archival-research
25790
25791
regional-archives
259122
Archives_Map
dc-metro
24280
127825
archivist
most-requested
25795
25796
secman
68663
25807
28262
117249
25820
117250
28265
25821
117246
129591
25822
72326
129592
80889
72327
25823
129597
78925
262426
1852332999
25819
25808
68234
68531
25809
25811
25812
28256
28258
28260
28261
358189
127831
129585
25817
25818
117255
0849398290
25824
80402
PacWorld_1
easteregg
24244
Pad_v3
24245
24247
24248
84607
83907
68708
84610
71872
71874
rebirth
bib_lpb
outsideworld
80404
126589
80405
splatter
126596
weta
83055
PacketX_v1
shopping1
127816
kingdom-hearts
24258
aula
24268
PageGate_3
25776
25778
24270
complaint-activity
25786
evetrecs
24271
todays-doc
fed-employees
127815
isoo
25784
25785
24267
129554
129542
24260
129543
I_Ching
63321
25772
350852
129546
grand-theft
129549
265740
Qix!_0
129552
d_hline
129553
24262
invisiblesecrets
records-mgmt
41668
51152
48372
41678
141865
41679
68983
48373
48375
41681
43373
48374
68277
141869
Spystory
51156
43374
48376
41677
48371
141860
41669
43367
145577
48370
41671
41672
NSAEBB5
51151
43365
77307
41673
43370
217906
43371
43372
141863
41685
51154
48378
43378
43375
rongstad
sepp
148270
jansen
41697
48384
48387
41699
51813
141870
USDCO
48385
51809
43380
41702
51162
41693
51155
141871
145584
41687
51158
41688
51159
41690
51160
331119
milinksr
41691
43377
41692
51161
43376
48381
51811
41017
141840
140447
140449
41622
41623
family-travel
140452
41625
41627
43350
41628
41629
41630
41632
41633
41634
78848
140448
58399
344785
41005
41006
41007
41008
71900
141834
141835
140364
141836
141837
141838
aboutwell
41021
254169
41620
41621
43353
41636
41638
41655
43362
41656
41657
41658
43363
43364
41660
41661
41662
141856
41663
41664
48369
41665
141858
41654
41653
41639
43354
41641
41642
a06
kimirror
41644
43357
41645
41646
43358
41647
43359
41648
43360
41649
41651
41666
43379
48415
149461
53179
43404
43403
149462
147815
53180
148288
356153
53181
370497
253143
53183
53184
147817
53186
148292
43401
43400
51173
48418
48411
48414
83976
pardee
148284
43397
48407
48406
51176
84767
141889
53177
51177
64555
53178
53187
53188
148293
147821
81972
147822
81973
53197
48423
149472
48424
48425
48426
334256
wilkinson
77605
51184
51182
48427
51183
147819
danzig
82211
321509
82213
350856
48420
82215
48421
82378
82217
53190
53192
82220
53191
82223
48422
53194
53195
262779
41703
51819
51163
48389
41713
51821
51164
48388
GSOIS
148273
141875
51822
51166
41716
43384
demography
43385
48399
homeleft_bulete
48395
51810
77309
41705
148271
41706
41707
51816
48391
51814
41709
148272
48393
fold
51820
43382
48390
51818
41719
41720
141877
41730
141883
41731
51169
43389
48405
51170
41734
51171
43391
84805
41735
keycontacts
48412
51172
43394
48409
centamer
141882
41721
41722
43386
41724
51167
43387
48401
41725
41726
68601
48402
transatlantic
43388
pitts
68669
148279
51168
43396
68568
37005
rafiles
h6_wiki
136448
h6_blog
sio
37008
37009
37010
37011
136453
ciser
76059
cait
37012
37014
37015
37004
36999
dlaudio
136438
36301
81632
Yaeger_1
136439
248241
36991
36992
36993
36994
36305
36995
36998
37000
37003
37018
40937
37020
37035
40944
37037
37039
37040
40945
37041
Z-Splitter_2
37042
40946
40947
37047
37048
37049
40949
40943
military-leadership
37021
CSTCHome
37022
37024
37025
37026
40939
37027
37030
37031
37032
40942
37050
VBAcodePrint_v6
75841
247923
247925
nav_reg2
34752
79021
34754
61933
34759
nav_travel2
36275
36274
vdhcp_0
68849
72265
58377
nav_loc2
nav_vol2
75838
34739
VBAcodePrint97_v1
34740
VBAssist_5
66238
34743
VBDoc_2
nav_logos2
34744
72189
34745
VBIndent_6
34746
34747
81367
34749
36278
71893
nav_mus2
X-NetStat_v3
nav_pan2
136433
36294
36982
nav_intro2
nav_update2
36984
36297
36985
staudio
36986
36987
75986
36299
X-Ripper_v3
36298
36292
36979
70449
36284
75980
75981
36285
83945
78314
78313
36289
36290
75982
75983
75984
58613
36978
36977
X-Ripper_v5
37051
81954
41605
41606
140344
40982
060799
40984
40985
140347
40986
40987
40988
40989
41607
41608
76490
40990
67848
40981
41604
81955
81957
81958
81961
139590
81965
81966
hopenumbersix
81967
140426
351445
40991
40992
141830
43343
41614
41001
41003
43345
140443
41000
43346
140444
41616
41617
well_logo
41618
41619
40994
141829
140440
85195
43337
41609
43338
76491
43339
43340
43341
ul_logo
40997
43342
41611
40995
41612
40998
141828
43347
37052
139536
37070
139537
website-policies
40958
holspec
37076
37077
37078
136513
37080
139544
37081
offhook19dv
136515
40961
40962
37072
40952
40951
40953
37056
europe-russia
40955
37058
40956
37065
37066
40957
western-hemisphere
139532
139533
37069
37071
136516
40964
40963
81948
81950
UltraEdit_v11
311379
offhookcds
2600mousepads
40976
40977
136521
139586
40978
139588
81952
Yinyang_v1
139559
136517
136518
40965
136519
67649
ZBrush_v1
fifhopvid
2600sweatshirt
40970
offhookhigqu
139555
76489
68596
Op
Mana
Operational
Manhunt
Outcast
Conflict
Outlive
Mashed
SCAR
Lucky
Lula
Conquest
Rage
Matt
Railroad
Constantine
SWAT
Contraptions
RTL
RIM
Mage
Lord
Majesty
laminate_flooring
industrial_flooring
Lords
underfloor_heating
mezzanine_floor
vinyl_flooring
tiling
oak_flooring
