97230
22473
10335
102972
X-World Disk 2
X-Wing Alliance
95016
X-win32
27712
102954
102926
149757
102953
102973
X1 Desktop Search Ver 5
84964
102979
102961
84422
102978
102960
102977
102959
102976
102958
102975
102957
178436
102974
102956
102925
138945
46587
166282
104259
102999
128279
X3_3029
X3_2913
43572
103031
38683
103113
103071
X3M
103030
103112
175223
103070
29779
103072
103074
103001
103033
53331
12043
103073
7673
103000
143609
36372
58042
103032
103114
37805
84905
75421
166334
X3 Reunion PDF Manual DVD Cover DVD Label
173785
102997
40797
102993
77894
144403
X2ConfigTool5032
103025
103107
Precious
X2ConfigTool5030
103065
102992
82599
102990
X2ConfigTool
80901
103022
77908
103066
103029
103111
103069
102996
x3 racing
103110
83802
103068
102995
130407
105591
103109
102994
103026
103108
x2ConfigMakerPC
23939
103454
103489
105124
103522
103453
103521
38398
103452
158756
103487
81546
103451
95429
103486
24381
91913
21703
173366
Prodigy
82519
103493
82502
56503
18294
33621
103526
11574
27300
103457
91467
103456
38522
171418
103524
16258
103490
103485
14221
41922
103421
103447
98052
103482
103515
103420
103446
135282
103481
store-off
143506
103514
103419
103445
97098
Simcity
12274
23100
72311
141655
144510
86365
103448
38566
101430
101306
84813
103483
grey-arrow
35555
151011
82789
41813
169158
103516
169153
103480
86354
14592
63163
58279
12016
166581
190000
97119
21198
103540
23691
132394
103539
110497
73492
54887
Propagandhi
103505
103507
35516
103509
78672
132087
112384
54912
103508
16326
182530
124314
34598
33941
181160
165044
103541
30701
135945
135406
132643
74702
103538
103533
103464
169223
103499
103498
103497
103529
103460
55478
103495
103528
103459
164280
103494
80563
103527
103458
67842
103500
103504
103559
103503
169280
10217
74738
56140
149684
128318
103558
103502
62977
83645
103466
164064
67678
171047
166120
103513
103427
33980
48246
43312
103177
103148
7853
103176
103147
103175
164045
103105
103146
158705
103174
112159
103104
103145
103149
103178
103426
169254
103425
158800
11583
82362
169238
103422
169164
8957
45654
103181
103180
103151
103179
38866
103150
19197
103173
33477
125741
103098
103057
103139
30509
103097
103138
103166
103055
161591
57067
33323
103137
103165
169275
103095
103054
30579
39594
103103
103144
103172
126467
108483
103061
103143
103171
103142
103059
52001
103141
151604
166096
103169
103058
103140
7599
103418
48893
7847
103478
164142
kung
19972
140713
47420
41209
Xenosaga
162964
46532
103416
103415
130600
41341
103414
29224
167560
41921
103444
103479
103417
45526
83434
11652
64675
64674
43033
45223
28393
97117
161666
Xilisoft
154408
68318
11594
77483
103440
103409
103435
103470
30678
Princess
158728
MOHPA
112635
18289
Reflections
103434
103469
103407
103433
103468
103467
103431
103471
103410
142146
103475
103439
103474
150828
173541
103473
68615
103411
15257
163723
Weezer
82515
118003
84020
103437
103472
103428
17067
102659
102658
55328
102657
25063
102640
102639
102638
102637
102636
102635
71654
X-Com_Enforcer
182267
X-Files S1 DVD3
102643
104653
X-Files Season 3
14052
X-Files Season 2
136039
X-Files Season 1
154323
X-files Saison 1 Par DuDu
X-Files S4 DVD5
44942
X-Files S2 DVD6
X-Files S1 DVD4
102661
50489
102644
31045
102660
X-Com_Alliance
102634
102633
90130
150518
182729
145341
X-2
102619
112488
X-2 Die Bedrohung
89385
15249
122212
X- Rated Xmas songs CD 3
169252
102611
8590
102620
102621
102631
156698
X-Com Series
X-COM Collectors Edition
102629
102628
102627
151248
X-COM Collectors Edition Apocalypse
151224
X-Com Apocalypse Collectors Edition
X-Change_hentai
102625
102624
28519
X-Change 2
102622
102618
102693
143835
102686
102705
102685
102704
102684
91891
102703
102683
102702
102682
102681
45786
X-Files Season 8
165356
102680
102679
102687
102747
102712
156939
149080
102792
102711
102751
102710
102750
102689
102708
102748
145770
X-files subs
49394
102707
X-Files Season 9
102678
53740
102677
102666
17070
X-Files Season 5
14319
151349
102665
102648
X-Files Season 4
17065
147132
102664
147013
102647
102663
152545
102646
102662
155478
X-Files Season 6
102676
102675
102674
17105
102672
102655
102671
X-Files Season 7
160065
102654
102670
102653
102652
11728
102668
17081
102651
26391
102610
102509
55218
Route
83461
102506
102585
67440
102545
28727
102505
102584
102544
102476
104726
102504
145817
26500
102543
102546
18339
Roxette
33918
162651
45545
102548
102508
46992
177766
102587
64738
102547
102507
62901
102586
45760
85656
6112
128390
127697
45415
102539
55216
102471
102499
102578
102538
102470
102498
144131
102577
102469
102497
102576
102536
102468
102431
102496
102579
102500
18515
Misery
125458
45865
102475
102542
102474
102502
165726
32361
102581
30763
102541
102473
102501
102580
102472
10887
102617
102604
102564
X Japan - 1997 Last Live CD3
102603
X Japan - 1997 Last Live CD2
102563
60055
116543
80597
X Japan - 1997 Last Live CD1
102602
175598
102562
102601
43622
102521
102612
172398
171071
X TV-Serie Vol
102609
102616
167179
102608
38508
10566
102615
X Japan - 1997 Last Live CD4
61461
102607
102566
146320
166660
102613
102565
39066
Shea
175967
102516
102595
102515
102594
102553
102513
39696
176542
102512
102591
102551
102511
102590
102550
102510
102589
102556
102596
X - Ten
102600
102560
111981
118257
X - Blue Blood
115046
102520
102599
186486
102519
102598
102558
10277
30693
102597
102517
102549
102894
178349
102867
102836
102893
183346
140627
102866
102892
102865
178216
177737
102833
102868
102895
102927
134443
22092
136933
102873
115466
102872
102898
102871
102897
102870
102896
102869
102890
14624
169202
100973
X-NetStat Pro
88768
powervideo
102790
visitas
102887
112419
31259
102829
102789
102886
102859
102828
102788
153034
187093
X-NetStat Professional v5
102830
x-plane 811 demo with patch for timer
138399
73415
102863
102832
102889
X-PLANE 8 Crack
80564
102831
162302
163315
95717
102888
172386
102861
100255
102952
102912
102939
102911
102938
102910
102937
43496
163997
161549
102909
102935
102881
102907
163947
102934
102940
102913
102924
102923
102922
102949
102921
102920
102947
102919
102946
102945
102917
102944
102915
102942
102914
102941
46564
102880
41482
46190
34781
102875
39750
102928
102874
168081
102900
160169
160401
134937
X-Play February 7th
102929
102906
102933
102879
X-Rated Xmas Songs CD 2
102905
102932
83946
X-Rated Xmas Songs CD 1
102878
124157
X-pressions
102904
102903
102930
102876
75691
102902
82776
102885
102734
102771
102730
102810
102770
102729
102809
X-GOLD
102839
102768
102727
168972
102838
98290
102767
102837
102725
90248
102811
102845
102814
191577
156796
121400
102774
96224
x-latin pussy rape brazil sex
92551
102733
102773
102732
102843
102772
102731
x-latin pussy hard rape brazil sex
x-latin pussy brazil sex
147564
102765
102724
102797
102697
102716
102796
102756
102696
102715
102795
102695
102714
102794
102754
102713
183181
102793
102717
102698
102804
102764
102723
102722
102762
102721
147626
147604
147175
102761
102701
145774
102720
102760
123919
141635
102718
102753
X-men TAS Season 4
94986
40607
102882
x-men legends iso
102855
151652
X-men II
167669
102824
35458
X-Men Evolution Season 4 Complete
102784
102743
160186
48243
Warriors
102854
X-Men Phoenix Endsong
102856
159343
102858
102827
102787
102884
PowerStrip
X-men TAS Season 3
159271
102746
102857
X-men TAS Season 2
159260
X-men TAS Season 1
102786
102883
102745
159226
114100
102823
102783
102779
36181
10338
102738
162008
102778
102737
102848
102817
102777
102736
102847
97207
102816
102776
102819
45500
102742
102782
102741
102852
102781
179124
X-Men 2
102740
102780
136184
X-men 2
21382
36190
62476
102739
27192
X-Men 1
102775
59207
