GPSMapEdit
63774
29332
41789
29330
Softany
99225
Panorado
47808
29326
125249
146219
f-111
f-97
48253
f-101
f-102
f-103
f-104
f-105
f-106
f-110
122118
153718
16426
93775
f-92
f-93
f-94
170473
32832
btm_rt
47007
NetPerfMon
SolarWinds
115139
84398
11723
27885
87245
124231
13100
121223
8280
116702
45992
60769
161450
62386
54886
47525
28388
40500
72542
141232
89113
163217
161515
74432
145899
24240
13524
64643
33465
12781
97173
67443
ToolsetIntegration
24237
45941
166993
f-72
Rave
8517
f-48
100906
170465
166738
23628
47059
100935
29206
freedompass
f-107
f-123
15264
174414
newsletter_august06
OST
f-70
76911
126382
71712
46677
43526
33586
30580
73474
161067
97126
142044
64103
82361
alamo
Massacre
10468
169221
77066
156300
162849
10347
40882
atma
181006
7682
10784
149464
162602
154406
67735
189441
46652
162476
lingvo
LEXX
Nest
55003
64849
webcreator
162936
164793
162841
hobbybox
67452
22500
163601
31161
163533
44842
173150
162822
129565
112624
150532
47087
47516
29446
Sabine Christiansen 31
146733
Sabiene
166036
36319
Saber Marionette R
Saber Marionette J 3-4
planplus
ugo
144385
Saber Marionette J 1-2
sabbat
Sabbat Discography
160357
144800
118326
Rammstein
22965
31571
10429
126506
28550
Sabrina Setlur - 10 Jahre 1995 bis 2004 for www
130622
184895
markos
159782
159609
144843
Sabotain - Break The Rules
58577
vdots
104510
27193
liedetector
33630
169228
143716
8499
12263
174267
Agnitum
173766
169244
InterVideo
15990
174087
driver_detective
47063
146193
DVD2oneX
29320
46925
MoI
29314
Hootech
161224
45950
29306
29305
92308
29303
29295
837734
837720
837719
174292
174250
174244
173717
173639
173899
174159
173688
dalaman
163586
spamweed
163638
163556
mailbell
7890
151379
167883
162846
162955
8258
51014
173871
173786
Need
73511
81139
174247
173862
173791
174222
173916
173667
173692
174103
174066
173574
174354
174161
158691
91906
165523
24101
117077
40425
167220
165430
175003
46064
89104
101555
22984
169283
46574
184231
97109
170476
45940
29247
82014
117418
67377
38920
41928
Mickey
NWN2
41061
76097
7536
189276
Santana
23213
100706
79714
loveless
169934
157519
161762
46245
17124
33310
12220
46754
8271
12153
Bow_Wow
14907
134217
67613
90541
9216
330214
100847
pizzahut
United
20921
76047
Deep_Purple
12221
91892
35206
Alice_Cooper
66862
Andrea_Bocelli
40678
48886
48884
18454
38434
44495
Beck
169183
12233
12227
12222
158785
97108
43261
125740
46061
54940
52988
126533
167629
134547
91820
60802
-vp18294
34427
112506
Bon_Jovi
22985
182477
Rolling_Stones
158816
80843
105019
104944
28058
back3
a-01
schnaeppchenmarkt
24460
31578
stepper
125793
30293
Playstation 3
myrtle-beach
100899
12426
126438
154606
16700
137285
46650
167633
154969
111402
Janet_Jackson
154886
Jimmy_Buffett
62595
128867
119493
11018
LR
Pearl_Jam
70693
74919
38642
Pink_Floyd
news-letter
124023
124534
62824
25751
batterien
152418
14414
64800
31469
16110
31222
90010
13013
17602
54903
151145
127788
165575
82422
6963
73009
NST
16632
18580
58365
66466
romlaw
photobrush
hackme
binaryfish
106800
158692
ageofcastles
52136
mic2
73008
126610
169175
88219
60791
15092
73007
91345
73006
144012
73005
73004
158786
73003
73002
73001
12971
32521
166584
67866
147675
11983
19906
fantan
117073
siguo
126601
avex
Undead
128384
89066
142557
pennoc
170700
190258
122149
tpgenc
122503
99568
48247
12344
167441
44284
hwl
157430
46621
30698
140804
17755
Donna_Summer
Mushroomhead
Nekromantix
Newsboys
Pelican
Pig
Poco
Poison
Queensryche
Rancid
Rasputina
Rehab
Slayer
Soilwork
Stuck_Mojo
Switchfoot
Tesla
Mer
46528
Uniform
Dope
81327
172922
Foo_Fighters
Foreigner
Guess_Who
H3
42311
Jackie
James_Taylor
Kamelot
Keane
Kelly_Clarkson
Lagwagon
Linda_Ronstadt
Loverboy
Toni_Braxton
Toto
Vixen
73033
73031
73030
73029
73028
73026
73024
73023
73022
73021
11043
73018
91336
12808
73012
82509
73010
73034
131272
Ween
Wilco
Clay_Aiken
73049
73048
73047
73044
73043
73042
73040
73039
73038
73037
73036
45055
73035
60810
10427
104261
85926
141052
85961
85889
79239
79263
69312
85960
69288
85989
61632
61664
85888
60819
58127
137406
54739
V for Vendetta trailer HR HDTV 720p
85890
85931
85966
85995
85930
85965
85929
85964
V for Vendetta
85993
85928
105895
85992
V For Vendetta
85891
44001
85927
85991
85924
52989
85959
85883
85954
85983
85882
Rocky
42673
85918
42050
38976
85953
169195
85881
85917
85952
Pulp_Fiction
85880
85984
85955
52070
85988
85887
50467
50350
47504
85923
46646
47489
85958
85922
85986
85885
85921
85956
85884
85920
V - You Stood Up
86037
138195
113639
86032
170312
85972
61199
125794
86001
99337
120832
74727
86031
74756
81985
18704
85936
178459
85973
86033
85977
146796
86036
146757
183543
47581
76504
85976
147659
86005
85975
91585
86004
162997
86034
85974
86003
23572
86000
157472
86028
151139
138039
137907
85933
85968
74725
86027
V Tuner 4
147402
85932
85967
85996
132757
V series
V rally
V-Bulletin_3
151242
86030
59538
62125
85935
132068
35535
110899
V-Tuner 4
85970
123302
184763
V-The
104158
V-org
38426
85998
41383
38262
85916
62388
60201
108477
30670
166907
13452
164833
26133
B000HDHAOO
170472
B000FTLSR0
85853
B000IHN8AO
90253
SetupDl
B000IHN89A
74710
164547
85892
170221
88330
88333
85898
158761
167340
85897
168313
13736
60172
85896
186213
85895
88325
62235
55632
85893
174248
46731
85851
146301
B000ARG4IK
60806
170719
page_9
mortgage_quotes
debt_app
171265
Flats
10334
73451
15228
80675
167382
Please
67425
15551
set01
B000CSEKQU
B000HDIYE4
73144
B000CSEL4Q
85849
B000FTHR7U
85848
B000HDDKT8
16286
84739
125752
62140
44301
SETTLERS
Pluto
24437
161758
23700
spacer25
V - The Original Miniseries
140210
85944
18097
85872
85908
85943
134550
85942
11795
173830
85906
85941
85869
85905
85940
98062
85904
85945
85910
85951
V - Rally 2
85879
85915
85950
85878
85877
85913
85912
181624
85911
85946
38877
68932
32888
85939
25763
70343
145542
171579
86343
85937
173700
33901
47907
T39
104143
utorrent-1
125708
Podium
45225
85901
82881
85900
97128
124600
100724
97113
47012
180503
95702
85938
97142
Mike
26859
86383
85902
152917
160228
169229
33473
120997
54961
T60
85899
95433
54853
72797
72716
153356
39033
72796
36087
72767
72715
72795
92866
85529
38100
31154
72766
11964
72794
158719
13219
161594
46482
29780
72800
130531
104141
70176
72719
72769
72799
130608
72718
72798
72717
Renaissance
72768
14941
184183
169284
67424
72763
72710
66844
U96 - Das Boot
72709
66787
166786
u7pt2
72762
166725
u64x
187657
U571 DVDRIP XVID
72708
14563
188919
72711
72764
8508
16611
27185
169408
31675
23900
84052
24232
23650
46653
72713
150536
72765
162740
23115
38670
U96 - Night In Motion
149137
133073
72815
72783
72782
72813
153827
46609
105584
64751
72812
29736
16276
72742
72780
72741
39257
72779
97140
72816
167520
133014
72825
72824
72791
72843
72823
67448
31839
72790
72789
166494
72820
72788
72819
72787
72818
72785
72729
13195
72810
167612
72725
72806
72774
72805
72724
72804
75456
72773
72723
72772
72722
72802
50355
47008
72721
93557
72775
46409
noclone
72778
160335
33466
33470
38091
72728
72809
72727
Rent
15592
72080
70423
151846
72726
72776
